[conv32]
epsW=0.001
epsB=0.002
momW=0.9
momB=0.9
wc=0

[local32]
epsW=0.001
epsB=0.002
momW=0.9
momB=0.9
wc=0

[fc10]
wc=0,0
momB=0
momW=0,0
epsW=0.00001,0.00001
epsB=0.00002

[logprob]
coeff=1
